order 56.78 sell_wik [62.0, 60.23, 60.0, 60.2, 60.2, 59.32, 61.35, 60.49, 60.0, 60.88] profit [5.22, 3.45, 3.22, 3.42, 3.42, 2.54, 4.57, 3.71, 3.22, 4.1] procent_prof [9.19, 6.08, 5.67, 6.02, 6.02, 4.47, 8.05, 6.53, 5.67, 7.22] min_pt_prof 4.47 procent_items [3.9, 3.9, 5.19, 10.39, 3.9, 2.6, 2.6, 5.19, 3.9, 2.6, 6.49, 1.3, 3.9, 5.19, 2.6, 7.79, 6.49, 1.3, 10.39, 6.49, 3.9] max_item 10.39 time_buy 2024-04-05 18:10:20.543603 link https://steamcommunity.com/market/listings/570/Staff%20of%20the%20Rambling%20Fatebender  
order 56.5 sell_wik [57.47, 57.56, 57.56, 57.56, 57.56, 57.56, 57.89, 57.89, 57.89, 57.89] profit [0.97, 1.06, 1.06, 1.06, 1.06, 1.06, 1.39, 1.39, 1.39, 1.39] procent_prof [1.72, 1.88, 1.88, 1.88, 1.88, 1.88, 2.46, 2.46, 2.46, 2.46] min_pt_prof 1.72 procent_items [12.12, 15.15, 4.55, 7.58, 1.52, 4.55, 1.52, 1.52, 3.03, 7.58, 1.52, 1.52, 3.03, 10.61, 1.52, 4.55, 3.03, 3.03, 4.55, 1.52, 6.06] max_item 15.15 time_buy 2024-04-05 18:10:32.947348 link https://steamcommunity.com/market/listings/570/Unholy%20Harvest  
order 60.66 sell_wik [61.75, 62.56, 62.56, 62.56, 62.56, 62.56, 62.56, 62.56, 62.56, 62.56] profit [1.09, 1.9, 1.9, 1.9, 1.9, 1.9, 1.9, 1.9, 1.9, 1.9] procent_prof [1.8, 3.13, 3.13, 3.13, 3.13, 3.13, 3.13, 3.13, 3.13, 3.13] min_pt_prof 1.8 procent_items [6.98, 9.3, 4.65, 4.65, 6.98, 2.33, 4.65, 6.98, 6.98, 2.33, 2.33, 6.98, 2.33, 2.33, 4.65, 4.65, 2.33, 6.98, 6.98, 4.65] max_item 9.3 time_buy 2024-04-05 18:10:49.238811 link https://steamcommunity.com/market/listings/570/Helm%20of%20the%20Dark%20Moon%20Stalker  
order 152.52 sell_wik [158.7, 158.7, 158.7, 158.47, 158.7, 159.86, 159.53, 158.69, 158.82, 159.93] profit [6.18, 6.18, 6.18, 5.95, 6.18, 7.34, 7.01, 6.17, 6.3, 7.41] procent_prof [4.05, 4.05, 4.05, 3.9, 4.05, 4.81, 4.6, 4.05, 4.13, 4.86] min_pt_prof 3.9 procent_items [4.26, 4.26, 2.13, 2.13, 6.38, 10.64, 8.51, 6.38, 6.38, 4.26, 2.13, 2.13, 2.13, 2.13, 4.26, 4.26, 2.13, 4.26, 6.38, 4.26, 10.64] max_item 10.64 time_buy 2024-04-05 18:11:07.262787 link https://steamcommunity.com/market/listings/570/Primal%20Paean  
order 89.89 sell_wik [92.75, 92.75, 92.35, 92.09, 92.15, 92.15, 92.22, 93.51, 92.25, 92.7] profit [2.86, 2.86, 2.46, 2.2, 2.26, 2.26, 2.33, 3.62, 2.36, 2.81] procent_prof [3.18, 3.18, 2.74, 2.45, 2.51, 2.51, 2.59, 4.03, 2.63, 3.13] min_pt_prof 2.45 procent_items [10.47, 8.14, 9.3, 5.81, 5.81, 1.16, 8.14, 1.16, 2.33, 3.49, 3.49, 1.16, 4.65, 1.16, 1.16, 4.65, 4.65, 3.49, 1.16, 3.49, 10.47, 4.65] max_item 10.47 time_buy 2024-04-05 18:11:17.149695 link https://steamcommunity.com/market/listings/570/Totem%20of%20Deep%20Magma  
order 115.17 sell_wik [118.96, 119.49, 117.79, 117.79, 117.79, 117.8, 118.96, 118.39, 118.72, 119.0] profit [3.79, 4.32, 2.62, 2.62, 2.62, 2.63, 3.79, 3.22, 3.55, 3.83] procent_prof [3.29, 3.75, 2.27, 2.27, 2.27, 2.28, 3.29, 2.8, 3.08, 3.33] min_pt_prof 2.27 procent_items [3.53, 2.35, 4.71, 8.24, 7.06, 8.24, 7.06, 2.35, 5.88, 3.53, 3.53, 3.53, 1.18, 1.18, 1.18, 3.53, 2.35, 3.53, 4.71, 2.35, 7.06, 2.35, 10.59] max_item 10.59 time_buy 2024-04-05 18:11:22.719002 link https://steamcommunity.com/market/listings/570/Taunt%3A%20Skip%20to%20the%20Good%20Stuff!  
order 182.7 sell_wik [187.05, 187.05, 187.05, 189.83, 189.83, 190.0, 190.41, 193.85, 200.0, 189.83] profit [4.35, 4.35, 4.35, 7.13, 7.13, 7.3, 7.71, 11.15, 17.3, 7.13] procent_prof [2.38, 2.38, 2.38, 3.9, 3.9, 4.0, 4.22, 6.1, 9.47, 3.9] min_pt_prof 2.38 procent_items [4.55, 6.82, 6.82, 2.27, 4.55, 9.09, 2.27, 2.27, 2.27, 4.55, 2.27, 6.82, 4.55, 2.27, 4.55, 9.09, 11.36, 13.64] max_item 13.64 time_buy 2024-04-05 18:11:44.607432 link https://steamcommunity.com/market/listings/570/Hunger%20of%20the%20Howling%20Wilds%20Weapon  
order 47.31 sell_wik [49.06, 49.16, 49.16, 49.16, 49.16, 49.19, 49.16, 49.25, 48.67, 49.4] profit [1.75, 1.85, 1.85, 1.85, 1.85, 1.88, 1.85, 1.94, 1.36, 2.09] procent_prof [3.7, 3.91, 3.91, 3.91, 3.91, 3.97, 3.91, 4.1, 2.87, 4.42] min_pt_prof 2.87 procent_items [4.94, 7.41, 8.64, 8.64, 11.11, 7.41, 2.47, 1.23, 3.7, 1.23, 4.94, 3.7, 2.47, 3.7, 1.23, 3.7, 4.94, 6.17, 2.47, 9.88] max_item 11.11 time_buy 2024-04-05 18:14:20.095682 link https://steamcommunity.com/market/listings/570/Taunt%3A%20Shake%20Your%20Money%20Maker  
order 207.98 sell_wik [211.71, 212.19, 212.19, 213.05, 213.04, 213.05, 213.39, 213.85, 212.63, 214.26] profit [3.73, 4.21, 4.21, 5.07, 5.06, 5.07, 5.41, 5.87, 4.65, 6.28] procent_prof [1.79, 2.02, 2.02, 2.44, 2.43, 2.44, 2.6, 2.82, 2.24, 3.02] min_pt_prof 1.79 procent_items [6.33, 5.06, 6.96, 6.96, 4.43, 4.43, 1.9, 4.43, 3.8, 3.8, 1.27, 1.9, 2.53, 2.53, 2.53, 4.43, 4.43, 4.43, 5.06, 4.43, 6.33, 6.96, 5.06] max_item 6.96 time_buy 2024-04-05 18:14:30.354314 link https://steamcommunity.com/market/listings/570/Moonfall  
order 123.71 sell_wik [126.0, 126.0, 126.06, 126.07, 126.07, 126.09, 126.09, 126.2, 126.2, 126.67] profit [2.29, 2.29, 2.35, 2.36, 2.36, 2.38, 2.38, 2.49, 2.49, 2.96] procent_prof [1.85, 1.85, 1.9, 1.91, 1.91, 1.92, 1.92, 2.01, 2.01, 2.39] min_pt_prof 1.85 procent_items [8.57, 2.86, 4.29, 5.71, 7.14, 5.71, 1.43, 2.86, 1.43, 1.43, 1.43, 1.43, 2.86, 2.86, 4.29, 1.43, 2.86, 2.86, 4.29, 4.29, 1.43, 20.0, 8.57] max_item 20.0 time_buy 2024-04-05 18:15:38.934392 link https://steamcommunity.com/market/listings/570/Genuine%20Winterblight  
order 43.21 sell_wik [48.9, 48.9, 48.9, 49.06, 49.06, 49.18, 49.18, 49.0, 49.05, 49.03] profit [5.69, 5.69, 5.69, 5.85, 5.85, 5.97, 5.97, 5.79, 5.84, 5.82] procent_prof [5.69, 5.69, 5.69, 5.85, 5.85, 5.97, 5.97, 5.79, 5.84, 5.82] min_pt_prof 5.69 procent_items [1.47, 4.41, 4.41, 10.29, 11.76, 5.88, 2.94, 4.41, 1.47, 1.47, 2.94, 1.47, 1.47, 1.47, 1.47, 2.94, 2.94, 1.47, 7.35, 4.41, 8.82, 10.29, 4.41] max_item 11.76 time_buy 2024-04-05 18:46:15.169562 link https://steamcommunity.com/market/listings/570/Dreadmist%20Dragoon%20-%20Head  
order 42.39 sell_wik [44.51, 44.51, 43.58, 43.69, 43.55, 43.57, 43.57, 43.57, 43.57, 43.57] profit [2.12, 2.12, 1.19, 1.3, 1.16, 1.18, 1.18, 1.18, 1.18, 1.18] procent_prof [2.12, 2.12, 1.19, 1.3, 1.16, 1.18, 1.18, 1.18, 1.18, 1.18] min_pt_prof 1.16 procent_items [4.41, 8.82, 5.88, 10.29, 1.47, 5.88, 1.47, 1.47, 5.88, 2.94, 4.41, 4.41, 2.94, 2.94, 2.94, 8.82, 2.94, 4.41, 8.82, 1.47, 5.88, 1.47] max_item 10.29 time_buy 2024-04-05 18:46:27.005268 link https://steamcommunity.com/market/listings/570/Pachyderm%20Powderwagon%20Spleen  
order 33.42 sell_wik [35.25, 35.25, 35.25, 35.25, 35.25, 35.25, 35.25, 35.25, 35.25, 35.25] profit [1.83, 1.83, 1.83, 1.83, 1.83, 1.83, 1.83, 1.83, 1.83, 1.83] procent_prof [1.83, 1.83, 1.83, 1.83, 1.83, 1.83, 1.83, 1.83, 1.83, 1.83] min_pt_prof 1.83 procent_items [6.45, 5.65, 9.68, 8.06, 4.84, 4.03, 5.65, 2.42, 2.42, 1.61, 3.23, 5.65, 2.42, 0.81, 0.81, 1.61, 1.61, 4.84, 4.03, 2.42, 3.23, 5.65, 6.45, 6.45] max_item 9.68 time_buy 2024-04-05 18:50:46.893470 link https://steamcommunity.com/market/listings/570/Lance%20of%20the%20Sunwarrior  
order 30.26 sell_wik [31.66, 31.66, 31.66, 31.66, 31.75, 31.75, 31.75, 31.75, 31.75, 31.75] profit [1.4, 1.4, 1.4, 1.4, 1.49, 1.49, 1.49, 1.49, 1.49, 1.49] procent_prof [1.4, 1.4, 1.4, 1.4, 1.49, 1.49, 1.49, 1.49, 1.49, 1.49] min_pt_prof 1.4 procent_items [6.38, 4.26, 4.26, 4.26, 8.51, 4.26, 6.38, 2.13, 2.13, 4.26, 4.26, 2.13, 2.13, 2.13, 2.13, 2.13, 2.13, 10.64, 2.13, 8.51, 14.89] max_item 14.89 time_buy 2024-04-05 18:52:12.925697 link https://steamcommunity.com/market/listings/570/Sky-High%20Warship%20Helmet  
order 9.51 sell_wik [10.0, 10.03, 10.03, 10.08, 10.08, 10.08, 10.09, 10.0, 10.0, 10.0] profit [0.49, 0.52, 0.52, 0.57, 0.57, 0.57, 0.58, 0.49, 0.49, 0.49] procent_prof [0.49, 0.52, 0.52, 0.57, 0.57, 0.57, 0.58, 0.49, 0.49, 0.49] min_pt_prof 0.49 procent_items [6.38, 14.89, 2.13, 10.64, 2.13, 6.38, 2.13, 2.13, 2.13, 6.38, 4.26, 2.13, 6.38, 4.26, 4.26, 4.26, 2.13, 14.89, 2.13] max_item 14.89 time_buy 2024-04-05 18:58:09.403789 link https://steamcommunity.com/market/listings/570/Gifts%20of%20the%20Vanished%20Isle%20Legs  
order 13.85 sell_wik [14.77, 14.77, 14.79, 14.79, 14.79, 14.79, 14.79, 14.78, 14.84, 14.88] profit [0.92, 0.92, 0.94, 0.94, 0.94, 0.94, 0.94, 0.93, 0.99, 1.03] procent_prof [0.92, 0.92, 0.94, 0.94, 0.94, 0.94, 0.94, 0.93, 0.99, 1.03] min_pt_prof 0.92 procent_items [6.82, 6.82, 6.82, 9.09, 2.27, 9.09, 2.27, 6.82, 4.55, 4.55, 2.27, 4.55, 2.27, 4.55, 4.55, 6.82, 6.82, 9.09] max_item 9.09 time_buy 2024-04-05 18:59:28.355494 link https://steamcommunity.com/market/listings/570/Shadows%20of%20Ravensmane%20Mantle  
order 9.91 sell_wik [10.44, 10.45, 10.45, 10.45, 10.45, 10.46, 10.47, 10.42, 10.42, 10.51] profit [0.53, 0.54, 0.54, 0.54, 0.54, 0.55, 0.56, 0.51, 0.51, 0.6] procent_prof [0.53, 0.54, 0.54, 0.54, 0.54, 0.55, 0.56, 0.51, 0.51, 0.6] min_pt_prof 0.51 procent_items [3.7, 5.56, 9.26, 1.85, 1.85, 3.7, 1.85, 1.85, 3.7, 5.56, 5.56, 1.85, 5.56, 7.41, 5.56, 9.26, 5.56, 1.85, 1.85, 16.67] max_item 16.67 time_buy 2024-04-05 18:59:52.394896 link https://steamcommunity.com/market/listings/570/Helm%20of%20the%20Burning%20Nightmare  
order 20.47 sell_wik [21.34, 21.34, 21.34, 21.34, 21.31, 21.39, 21.39, 21.58, 21.58, 22.0] profit [0.87, 0.87, 0.87, 0.87, 0.84, 0.92, 0.92, 1.11, 1.11, 1.53] procent_prof [0.87, 0.87, 0.87, 0.87, 0.84, 0.92, 0.92, 1.11, 1.11, 1.53] min_pt_prof 0.84 procent_items [2.13, 12.77, 6.38, 4.26, 2.13, 6.38, 4.26, 6.38, 2.13, 6.38, 2.13, 4.26, 2.13, 6.38, 4.26, 8.51, 10.64, 8.51] max_item 12.77 time_buy 2024-04-05 19:01:47.959214 link https://steamcommunity.com/market/listings/570/Seismic%20Berserker%20Club  
order 13.08 sell_wik [13.49, 13.49, 13.49, 13.5, 13.5, 13.5, 13.5, 13.5, 13.5, 13.5] profit [0.41, 0.41, 0.41, 0.42, 0.42, 0.42, 0.42, 0.42, 0.42, 0.42] procent_prof [0.41, 0.41, 0.41, 0.42, 0.42, 0.42, 0.42, 0.42, 0.42, 0.42] min_pt_prof 0.41 procent_items [9.38, 6.25, 4.69, 4.69, 3.12, 1.56, 1.56, 1.56, 6.25, 6.25, 4.69, 4.69, 1.56, 3.12, 6.25, 4.69, 6.25, 3.12, 4.69, 3.12, 6.25, 6.25] max_item 9.38 time_buy 2024-04-05 19:06:42.011480 link https://steamcommunity.com/market/listings/570/Pauldrons%20of%20Sacred%20Light  
order 13.39 sell_wik [13.88, 13.88, 13.92, 13.89, 13.89, 13.89, 13.89, 13.89, 13.89, 13.89] profit [0.49, 0.49, 0.53, 0.5, 0.5, 0.5, 0.5, 0.5, 0.5, 0.5] procent_prof [0.49, 0.49, 0.53, 0.5, 0.5, 0.5, 0.5, 0.5, 0.5, 0.5] min_pt_prof 0.49 procent_items [1.89, 7.55, 9.43, 9.43, 3.77, 5.66, 1.89, 1.89, 3.77, 7.55, 1.89, 1.89, 9.43, 1.89, 3.77, 5.66, 5.66, 7.55, 5.66, 3.77] max_item 9.43 time_buy 2024-04-05 19:06:54.721451 link https://steamcommunity.com/market/listings/570/Tunic%20of%20the%20Wandering%20Flame  
order 23.02 sell_wik [23.49, 23.49, 23.49, 23.5, 23.5, 23.5, 23.52, 23.52, 23.52, 23.52] profit [0.47, 0.47, 0.47, 0.48, 0.48, 0.48, 0.5, 0.5, 0.5, 0.5] procent_prof [0.47, 0.47, 0.47, 0.48, 0.48, 0.48, 0.5, 0.5, 0.5, 0.5] min_pt_prof 0.47 procent_items [4.29, 10.0, 7.14, 7.14, 1.43, 1.43, 5.71, 2.86, 7.14, 2.86, 1.43, 2.86, 2.86, 2.86, 2.86, 4.29, 4.29, 10.0, 1.43, 4.29, 4.29, 8.57] max_item 10.0 time_buy 2024-04-05 19:07:50.894883 link https://steamcommunity.com/market/listings/570/Head%20of%20the%20Icewrack%20Marauder  
order 8.6 sell_wik [9.28, 9.28, 9.28, 9.28, 9.28, 9.28, 9.28, 9.28, 9.28, 9.28] profit [0.68, 0.68, 0.68, 0.68, 0.68, 0.68, 0.68, 0.68, 0.68, 0.68] procent_prof [0.68, 0.68, 0.68, 0.68, 0.68, 0.68, 0.68, 0.68, 0.68, 0.68] min_pt_prof 0.68 procent_items [3.82, 4.58, 5.34, 3.82, 6.11, 3.82, 3.05, 0.76, 1.53, 3.82, 2.29, 3.82, 4.58, 1.53, 3.05, 4.58, 3.82, 7.63, 5.34, 7.63, 5.34, 6.87, 6.87] max_item 7.63 time_buy 2024-04-05 19:08:17.880942 link https://steamcommunity.com/market/listings/570/Horns%20of%20Deep%20Magma  
order 13.91 sell_wik [14.31, 14.73, 14.84, 14.84, 14.84, 14.84, 15.13, 15.0, 15.13, 15.37] profit [0.4, 0.82, 0.93, 0.93, 0.93, 0.93, 1.22, 1.09, 1.22, 1.46] procent_prof [0.4, 0.82, 0.93, 0.93, 0.93, 0.93, 1.22, 1.09, 1.22, 1.46] min_pt_prof 0.4 procent_items [5.56, 8.33, 11.11, 2.78, 2.78, 5.56, 5.56, 2.78, 8.33, 2.78, 2.78, 2.78, 5.56, 5.56, 2.78, 11.11, 13.89] max_item 13.89 time_buy 2024-04-05 19:08:52.039643 link https://steamcommunity.com/market/listings/570/Compendium%20Hatchet%20of%20the%20Trapper  
order 8.71 sell_wik [9.18, 9.18, 9.17, 9.17, 9.19, 9.19, 9.19, 9.19, 9.19, 9.19] profit [0.47, 0.47, 0.46, 0.46, 0.48, 0.48, 0.48, 0.48, 0.48, 0.48] procent_prof [0.47, 0.47, 0.46, 0.46, 0.48, 0.48, 0.48, 0.48, 0.48, 0.48] min_pt_prof 0.46 procent_items [1.96, 3.92, 3.92, 5.88, 5.88, 3.92, 1.96, 1.96, 5.88, 9.8, 7.84, 1.96, 7.84, 3.92, 3.92, 5.88, 5.88, 3.92, 1.96, 1.96, 9.8] max_item 9.8 time_buy 2024-04-05 19:09:03.518363 link https://steamcommunity.com/market/listings/570/Thundergod's%20Bare%20Arms  
order 23.62 sell_wik [24.2, 24.24, 24.24, 24.28, 24.28, 24.28, 24.28, 24.28, 24.28, 24.28] profit [0.58, 0.62, 0.62, 0.66, 0.66, 0.66, 0.66, 0.66, 0.66, 0.66] procent_prof [0.58, 0.62, 0.62, 0.66, 0.66, 0.66, 0.66, 0.66, 0.66, 0.66] min_pt_prof 0.58 procent_items [8.33, 6.25, 1.04, 5.21, 2.08, 3.12, 2.08, 3.12, 2.08, 3.12, 3.12, 2.08, 4.17, 2.08, 6.25, 3.12, 2.08, 8.33, 2.08, 2.08, 11.46, 9.38, 7.29] max_item 11.46 time_buy 2024-04-05 19:09:18.232833 link https://steamcommunity.com/market/listings/570/Helm%20of%20the%20Umizar%20Crawler  
order 8.67 sell_wik [9.2, 9.2, 9.33, 9.33, 9.35, 9.35, 9.37, 9.39, 9.4, 9.41] profit [0.53, 0.53, 0.66, 0.66, 0.68, 0.68, 0.7, 0.72, 0.73, 0.74] procent_prof [0.53, 0.53, 0.66, 0.66, 0.68, 0.68, 0.7, 0.72, 0.73, 0.74] min_pt_prof 0.53 procent_items [15.22, 13.04, 2.17, 6.52, 4.35, 4.35, 6.52, 2.17, 4.35, 6.52, 4.35, 2.17, 4.35, 2.17, 4.35, 4.35, 2.17, 6.52, 2.17, 2.17] max_item 15.22 time_buy 2024-04-05 19:09:49.558518 link https://steamcommunity.com/market/listings/570/Trail%20of%20the%20Dragon's%20Disciple  
order 10.12 sell_wik [11.04, 11.04, 11.14, 11.2, 11.5, 11.49, 11.77, 11.81, 12.06, 12.06] profit [0.92, 0.92, 1.02, 1.08, 1.38, 1.37, 1.65, 1.69, 1.94, 1.94] procent_prof [0.92, 0.92, 1.02, 1.08, 1.38, 1.37, 1.65, 1.69, 1.94, 1.94] min_pt_prof 0.92 procent_items [6.35, 4.76, 11.11, 3.17, 6.35, 1.59, 3.17, 1.59, 3.17, 4.76, 3.17, 4.76, 1.59, 7.94, 3.17, 1.59, 1.59, 11.11, 1.59, 4.76, 7.94, 4.76] max_item 11.11 time_buy 2024-04-05 19:14:21.225061 link https://steamcommunity.com/market/listings/570/Powdersled%20Rookery%20Sled  
order 12.31 sell_wik [12.78, 12.81, 12.99, 12.99, 13.11, 12.98, 13.0, 13.0, 14.12, 14.0] profit [0.47, 0.5, 0.68, 0.68, 0.8, 0.67, 0.69, 0.69, 1.81, 1.69] procent_prof [0.47, 0.5, 0.68, 0.68, 0.8, 0.67, 0.69, 0.69, 1.81, 1.69] min_pt_prof 0.47 procent_items [7.5, 17.5, 7.5, 2.5, 10.0, 2.5, 2.5, 12.5, 2.5, 2.5, 2.5, 5.0, 2.5, 5.0, 2.5, 5.0, 10.0] max_item 17.5 time_buy 2024-04-05 19:25:26.634199 link https://steamcommunity.com/market/listings/570/Garb%20of%20the%20Pack-Ice%20Privateer  
order 18.13 sell_wik 18.8 profit 0.67 procent_prof 0.67 procent_items [8.7, 10.14, 7.25, 7.25, 5.8, 4.35, 7.25, 5.8, 1.45, 4.35, 1.45, 4.35, 4.35, 8.7, 2.9, 4.35, 2.9, 5.8, 2.9] max_item 10.14 time_buy 2024-04-05 19:28:24.019899 link https://steamcommunity.com/market/listings/730/Patch%20%7C%20Bravo  
order 16.26 sell_wik [17.13, 17.14, 18.02, 18.24, 17.39, 17.42, 17.64, 17.64, 17.63, 17.63] profit [0.87, 0.88, 1.76, 1.98, 1.13, 1.16, 1.38, 1.38, 1.37, 1.37] procent_prof [0.87, 0.88, 1.76, 1.98, 1.13, 1.16, 1.38, 1.38, 1.37, 1.37] min_pt_prof 0.87 procent_items [7.69, 6.29, 1.4, 4.2, 7.69, 2.8, 7.69, 0.7, 0.7, 3.5, 3.5, 4.9, 4.2, 2.1, 4.2, 9.79, 4.9, 0.7, 2.8, 1.4, 3.5, 8.39, 2.1, 4.9] max_item 9.79 time_buy 2024-04-05 19:29:47.659715 link https://steamcommunity.com/market/listings/730/SSG%2008%20%7C%20Azure%20Glyph%20(Battle-Scarred)  
order 22.6 sell_wik [23.83, 23.85, 23.96, 24.12, 24.12, 24.12, 24.12, 24.12, 24.12, 24.12] profit [1.23, 1.25, 1.36, 1.52, 1.52, 1.52, 1.52, 1.52, 1.52, 1.52] procent_prof [1.23, 1.25, 1.36, 1.52, 1.52, 1.52, 1.52, 1.52, 1.52, 1.52] min_pt_prof 1.23 procent_items [7.09, 6.45, 7.41, 6.2, 5.32, 7.49, 3.46, 3.38, 1.93, 2.1, 1.85, 2.9, 2.42, 1.85, 1.29, 2.42, 3.63, 4.27, 3.06, 4.43, 4.51, 5.48, 5.72, 5.32] max_item 7.49 time_buy 2024-04-05 19:31:59.198735 link https://steamcommunity.com/market/listings/730/M4A1-S%20%7C%20Mud-Spec%20(Field-Tested)  
order 11.87 sell_wik [13.22, 13.36, 13.16, 13.24, 13.29, 13.31, 13.49, 13.36, 13.38, 13.5] profit [1.35, 1.49, 1.29, 1.37, 1.42, 1.44, 1.62, 1.49, 1.51, 1.63] procent_prof [1.35, 1.49, 1.29, 1.37, 1.42, 1.44, 1.62, 1.49, 1.51, 1.63] min_pt_prof 1.29 procent_items [4.67, 2.8, 1.87, 10.28, 2.8, 5.61, 1.87, 0.93, 7.48, 13.08, 0.93, 0.93, 15.89, 18.69, 1.87, 4.67, 3.74, 1.87] max_item 18.69 time_buy 2024-04-05 19:40:28.538278 link https://steamcommunity.com/market/listings/730/P2000%20%7C%20Turf%20(Field-Tested)  
order 5.18 sell_wik [6.09, 6.75, 6.9, 7.06, 7.0, 7.06, 7.06, 7.06, 7.06, 7.17] profit [0.91, 1.57, 1.72, 1.88, 1.82, 1.88, 1.88, 1.88, 1.88, 1.99] procent_prof [0.91, 1.57, 1.72, 1.88, 1.82, 1.88, 1.88, 1.88, 1.88, 1.99] min_pt_prof 0.91 procent_items [7.04, 2.82, 18.31, 5.63, 12.68, 1.41, 7.04, 1.41, 1.41, 12.68, 1.41, 9.86, 16.9, 1.41] max_item 18.31 time_buy 2024-04-05 19:45:49.724624 link https://steamcommunity.com/market/listings/570/Direstone%20Crown  
order 4.69 sell_wik [6.2, 6.2, 6.2, 6.2, 6.2, 6.2, 6.2, 6.2, 6.2, 6.2] profit [1.51, 1.51, 1.51, 1.51, 1.51, 1.51, 1.51, 1.51, 1.51, 1.51] procent_prof [1.51, 1.51, 1.51, 1.51, 1.51, 1.51, 1.51, 1.51, 1.51, 1.51] min_pt_prof 1.51 procent_items [1.25, 10.0, 10.0, 3.75, 1.25, 20.0, 5.0, 5.0, 7.5, 7.5, 1.25, 5.0, 5.0, 5.0, 3.75, 8.75] max_item 20.0 time_buy 2024-04-05 19:47:49.817205 link https://steamcommunity.com/market/listings/570/Aspects%20of%20Summer  
order 2.36 sell_wik [2.79, 2.79, 2.79, 2.79, 2.81, 2.81, 2.81, 2.81, 2.81, 2.96] profit [0.43, 0.43, 0.43, 0.43, 0.45, 0.45, 0.45, 0.45, 0.45, 0.6] procent_prof [0.43, 0.43, 0.43, 0.43, 0.45, 0.45, 0.45, 0.45, 0.45, 0.6] min_pt_prof 0.43 procent_items [3.53, 11.76, 1.18, 1.18, 9.41, 4.71, 5.88, 10.59, 3.53, 3.53, 4.71, 5.88, 1.18, 5.88, 14.12, 9.41, 3.53] max_item 14.12 time_buy 2024-04-05 19:48:51.723050 link https://steamcommunity.com/market/listings/570/Inscribed%20Planks%20of%20the%20Bogatyr  
order 2.39 sell_wik [2.88, 2.88, 2.88, 2.89, 2.94, 2.94, 2.94, 2.94, 2.94, 2.96] profit [0.49, 0.49, 0.49, 0.5, 0.55, 0.55, 0.55, 0.55, 0.55, 0.57] procent_prof [0.49, 0.49, 0.49, 0.5, 0.55, 0.55, 0.55, 0.55, 0.55, 0.57] min_pt_prof 0.49 procent_items [10.53, 5.26, 10.53, 11.58, 4.21, 6.32, 3.16, 1.05, 1.05, 2.11, 2.11, 2.11, 3.16, 1.05, 2.11, 3.16, 4.21, 4.21, 2.11, 4.21, 6.32, 5.26, 4.21] max_item 11.58 time_buy 2024-04-05 19:50:48.393624 link https://steamcommunity.com/market/listings/570/Spirit%20of%20the%20Frozen%20Flow%20-%20Tail  
order 5.82 sell_wik [6.53, 6.53, 6.53, 6.53, 6.53, 6.53, 6.49, 6.5, 6.5, 6.5] profit [0.71, 0.71, 0.71, 0.71, 0.71, 0.71, 0.67, 0.68, 0.68, 0.68] procent_prof [0.71, 0.71, 0.71, 0.71, 0.71, 0.71, 0.67, 0.68, 0.68, 0.68] min_pt_prof 0.67 procent_items [4.76, 4.76, 4.76, 2.38, 4.76, 7.14, 2.38, 9.52, 2.38, 2.38, 4.76, 4.76, 2.38, 4.76, 4.76, 7.14, 7.14, 4.76, 7.14, 7.14] max_item 9.52 time_buy 2024-04-05 19:51:28.120803 link https://steamcommunity.com/market/listings/570/Foxtail%20Libertine%20Off-Hand  
order 4.05 sell_wik [4.57, 4.57, 4.57, 4.57, 4.57, 4.57, 4.57, 4.57, 4.57, 4.57] profit [0.52, 0.52, 0.52, 0.52, 0.52, 0.52, 0.52, 0.52, 0.52, 0.52] procent_prof [0.52, 0.52, 0.52, 0.52, 0.52, 0.52, 0.52, 0.52, 0.52, 0.52] min_pt_prof 0.52 procent_items [1.15, 2.3, 2.3, 14.94, 3.45, 5.75, 1.15, 1.15, 3.45, 16.09, 3.45, 1.15, 4.6, 1.15, 1.15, 13.79, 11.49, 2.3, 4.6, 4.6] max_item 16.09 time_buy 2024-04-05 19:52:01.396514 link https://steamcommunity.com/market/listings/570/Familiar%20of%20the%20Great%20Grey  
order 7.32 sell_wik [8.0, 7.95, 8.0, 8.07, 8.07, 8.07, 8.0, 8.0, 8.07, 8.0] profit [0.68, 0.63, 0.68, 0.75, 0.75, 0.75, 0.68, 0.68, 0.75, 0.68] procent_prof [0.68, 0.63, 0.68, 0.75, 0.75, 0.75, 0.68, 0.68, 0.75, 0.68] min_pt_prof 0.63 procent_items [5.13, 2.56, 15.38, 7.69, 2.56, 5.13, 5.13, 2.56, 2.56, 2.56, 2.56, 2.56, 12.82, 10.26, 5.13, 10.26, 5.13] max_item 15.38 time_buy 2024-04-05 19:58:05.296610 link https://steamcommunity.com/market/listings/570/Sawtooth%20of%20the%20Odobenus%20One  
order 7.53 sell_wik [9.55, 9.58, 9.95, 9.95, 9.95, 9.95, 9.95, 9.95, 9.95, 9.95] profit [2.02, 2.05, 2.42, 2.42, 2.42, 2.42, 2.42, 2.42, 2.42, 2.42] procent_prof [2.02, 2.05, 2.42, 2.42, 2.42, 2.42, 2.42, 2.42, 2.42, 2.42] min_pt_prof 2.02 procent_items [4.35, 6.09, 6.09, 4.35, 6.09, 2.61, 1.74, 9.57, 2.61, 5.22, 6.96, 2.61, 3.48, 3.48, 3.48, 4.35, 3.48, 5.22, 6.09, 4.35, 3.48, 4.35] max_item 9.57 time_buy 2024-04-05 20:12:45.673184 link https://steamcommunity.com/market/listings/570/Spirit%20of%20the%20Frozen%20Flow%20-%20Head  
order 100.24 sell_wik [104.81, 104.81, 104.81, 104.81, 104.81, 104.81, 104.81, 104.81, 105.74, 111.9] profit [4.57, 4.57, 4.57, 4.57, 4.57, 4.57, 4.57, 4.57, 5.5, 11.66] procent_prof [4.56, 4.56, 4.56, 4.56, 4.56, 4.56, 4.56, 4.56, 5.49, 11.63] min_pt_prof 4.56 procent_items [2.13, 4.26, 6.38, 6.38, 4.26, 2.13, 2.13, 2.13, 2.13, 4.26, 2.13, 14.89, 2.13, 2.13, 12.77, 2.13, 6.38, 2.13, 6.38, 8.51, 4.26] max_item 14.89 time_buy 2024-04-05 21:04:52.576007 link https://steamcommunity.com/market/listings/570/Discipline%20of%20the%20Dark%20Star  
order 91.71 sell_wik [94.76, 94.76, 95.77, 95.77, 95.77, 95.77, 95.77, 95.77, 95.77, 96.78] profit [3.05, 3.05, 4.06, 4.06, 4.06, 4.06, 4.06, 4.06, 4.06, 5.07] procent_prof [3.33, 3.33, 4.43, 4.43, 4.43, 4.43, 4.43, 4.43, 4.43, 5.53] min_pt_prof 3.33 procent_items [11.59, 8.7, 7.25, 4.35, 1.45, 1.45, 2.9, 2.9, 2.9, 5.8, 4.35, 1.45, 4.35, 1.45, 10.14, 7.25, 8.7, 7.25, 5.8] max_item 11.59 time_buy 2024-04-05 21:05:05.721875 link https://steamcommunity.com/market/listings/570/Blackshield%20Protodrone%20Missile%20Launcher  
order 82.29 sell_wik [85.32, 85.32, 85.32, 85.32, 85.32, 85.33, 85.33, 85.43, 85.36, 85.18] profit [3.03, 3.03, 3.03, 3.03, 3.03, 3.04, 3.04, 3.14, 3.07, 2.89] procent_prof [3.68, 3.68, 3.68, 3.68, 3.68, 3.69, 3.69, 3.82, 3.73, 3.51] min_pt_prof 3.51 procent_items [5.06, 6.18, 5.06, 5.06, 3.37, 2.81, 2.25, 2.25, 1.12, 1.69, 2.81, 2.25, 3.37, 1.69, 3.37, 4.49, 6.74, 5.06, 7.3, 5.06, 6.18, 8.43, 8.43] max_item 8.43 time_buy 2024-04-05 21:05:26.255555 link https://steamcommunity.com/market/listings/570/Wings%20of%20Daybreak  
order 73.57 sell_wik [75.13, 75.13, 75.39, 75.39, 75.39, 75.57, 76.04, 76.06, 78.0, 87.86] profit [1.56, 1.56, 1.82, 1.82, 1.82, 2.0, 2.47, 2.49, 4.43, 14.29] procent_prof [2.12, 2.12, 2.47, 2.47, 2.47, 2.72, 3.36, 3.38, 6.02, 19.42] min_pt_prof 2.12 procent_items [3.77, 7.55, 5.66, 5.66, 3.77, 13.21, 5.66, 7.55, 3.77, 3.77, 3.77, 5.66, 3.77, 1.89, 1.89, 5.66, 5.66, 7.55, 3.77] max_item 13.21 time_buy 2024-04-05 21:05:37.515862 link https://steamcommunity.com/market/listings/570/Madness%20of%20the%20Amaranth%20Orb  
order 54.57 sell_wik [55.64, 55.7, 55.71, 55.71, 55.91, 55.78, 55.91, 56.26, 55.85, 55.85] profit [1.07, 1.13, 1.14, 1.14, 1.34, 1.21, 1.34, 1.69, 1.28, 1.28] procent_prof [1.96, 2.07, 2.09, 2.09, 2.46, 2.22, 2.46, 3.1, 2.35, 2.35] min_pt_prof 1.96 procent_items [6.67, 6.67, 4.76, 1.9, 4.76, 3.81, 4.76, 2.86, 0.95, 2.86, 1.9, 0.95, 0.95, 5.71, 2.86, 5.71, 3.81, 4.76, 1.9, 5.71, 10.48, 8.57, 6.67] max_item 10.48 time_buy 2024-04-05 21:05:45.434412 link https://steamcommunity.com/market/listings/570/Eye%20of%20the%20Lost%20Star  
order 78.0 sell_wik [80.31, 80.49, 80.7, 80.7, 80.7, 80.7, 80.7, 80.7, 81.59, 81.59] profit [2.31, 2.49, 2.7, 2.7, 2.7, 2.7, 2.7, 2.7, 3.59, 3.59] procent_prof [2.96, 3.19, 3.46, 3.46, 3.46, 3.46, 3.46, 3.46, 4.6, 4.6] min_pt_prof 2.96 procent_items [7.75, 6.2, 6.2, 3.88, 3.1, 3.88, 3.1, 1.55, 3.1, 1.55, 4.65, 6.2, 3.1, 4.65, 3.1, 6.98, 4.65, 5.43, 11.63, 9.3] max_item 11.63 time_buy 2024-04-05 21:06:47.154720 link https://steamcommunity.com/market/listings/570/Slumbering%20Terror  
order 85.85 sell_wik [87.96, 87.96, 87.96, 88.04, 88.04, 88.04, 88.12, 88.72, 87.93, 87.99] profit [2.11, 2.11, 2.11, 2.19, 2.19, 2.19, 2.27, 2.87, 2.08, 2.14] procent_prof [2.46, 2.46, 2.46, 2.55, 2.55, 2.55, 2.64, 3.34, 2.42, 2.49] min_pt_prof 2.42 procent_items [7.29, 6.25, 2.08, 6.25, 2.08, 6.25, 1.04, 3.12, 2.08, 3.12, 2.08, 3.12, 5.21, 4.17, 3.12, 6.25, 4.17, 5.21, 9.38, 7.29, 2.08, 8.33] max_item 9.38 time_buy 2024-04-05 21:09:11.692266 link https://steamcommunity.com/market/listings/570/Mask%20of%20the%20Confidant  
order 51.18 sell_wik [52.27, 52.27, 52.27, 52.18, 52.19, 52.55, 52.87, 52.87, 52.87, 52.87] profit [1.09, 1.09, 1.09, 1.0, 1.01, 1.37, 1.69, 1.69, 1.69, 1.69] procent_prof [2.13, 2.13, 2.13, 1.95, 1.97, 2.68, 3.3, 3.3, 3.3, 3.3] min_pt_prof 1.95 procent_items [10.77, 6.15, 3.08, 1.54, 3.08, 1.54, 1.54, 1.54, 3.08, 3.08, 6.15, 3.08, 6.15, 4.62, 3.08, 3.08, 10.77, 6.15, 7.69, 7.69, 6.15] max_item 10.77 time_buy 2024-04-05 21:11:28.887895 link https://steamcommunity.com/market/listings/570/Blade%20of%20the%20Fractured%20Order  
order 37.32 sell_wik [38.03, 37.89, 39.08, 39.32, 37.97, 40.0, 37.97, 40.81, 41.0, 41.04] profit [0.71, 0.57, 1.76, 2.0, 0.65, 2.68, 0.65, 3.49, 3.68, 3.72] procent_prof [0.71, 0.57, 1.76, 2.0, 0.65, 2.68, 0.65, 3.49, 3.68, 3.72] min_pt_prof 0.57 procent_items [2.04, 6.12, 6.12, 4.08, 2.04, 2.04, 2.04, 4.08, 4.08, 6.12, 2.04, 6.12, 10.2, 12.24, 8.16, 12.24, 6.12, 4.08] max_item 12.24 time_buy 2024-04-05 21:30:55.983597 link https://steamcommunity.com/market/listings/570/Sky-High%20Warship%20Wings  
order 34.36 sell_wik [36.18, 36.18, 36.18, 36.18, 36.18, 36.18, 36.18, 36.18, 36.53, 36.44] profit [1.82, 1.82, 1.82, 1.82, 1.82, 1.82, 1.82, 1.82, 2.17, 2.08] procent_prof [1.82, 1.82, 1.82, 1.82, 1.82, 1.82, 1.82, 1.82, 2.17, 2.08] min_pt_prof 1.82 procent_items [4.12, 3.09, 3.09, 8.25, 3.09, 1.03, 1.03, 2.06, 3.09, 2.06, 5.15, 1.03, 6.19, 3.09, 3.09, 6.19, 5.15, 7.22, 4.12, 3.09, 9.28, 9.28, 6.19] max_item 9.28 time_buy 2024-04-05 21:31:46.860426 link https://steamcommunity.com/market/listings/570/Spirit%20of%20the%20Frozen%20Flow%20-%20Armor  
order 12.74 sell_wik [13.16, 13.16, 13.32, 13.38, 13.38, 13.39, 13.36, 13.36, 13.36, 13.36] profit [0.42, 0.42, 0.58, 0.64, 0.64, 0.65, 0.62, 0.62, 0.62, 0.62] procent_prof [0.42, 0.42, 0.58, 0.64, 0.64, 0.65, 0.62, 0.62, 0.62, 0.62] min_pt_prof 0.42 procent_items [4.92, 3.28, 3.28, 1.64, 1.64, 3.28, 6.56, 1.64, 4.92, 1.64, 3.28, 3.28, 4.92, 3.28, 8.2, 8.2, 6.56, 9.84, 19.67] max_item 19.67 time_buy 2024-04-05 21:37:39.916714 link https://steamcommunity.com/market/listings/570/Cloth%20of%20Lucid%20Torment  
order 20.37 sell_wik [22.19, 22.2, 22.26, 22.55, 22.55, 22.59, 22.59, 22.6, 22.61, 22.61] profit [1.82, 1.83, 1.89, 2.18, 2.18, 2.22, 2.22, 2.23, 2.24, 2.24] procent_prof [1.82, 1.83, 1.89, 2.18, 2.18, 2.22, 2.22, 2.23, 2.24, 2.24] min_pt_prof 1.82 procent_items [4.17, 2.08, 6.25, 2.08, 4.17, 6.25, 2.08, 8.33, 4.17, 2.08, 2.08, 4.17, 2.08, 8.33, 4.17, 4.17, 2.08, 8.33, 4.17, 8.33, 10.42] max_item 10.42 time_buy 2024-04-05 21:38:38.842937 link https://steamcommunity.com/market/listings/570/Pauldrons%20of%20the%20Spirethorn  
order 15.03 sell_wik [15.88, 15.88, 15.89, 15.89, 15.89, 15.89, 15.89, 15.89, 15.89, 15.89] profit [0.85, 0.85, 0.86, 0.86, 0.86, 0.86, 0.86, 0.86, 0.86, 0.86] procent_prof [0.85, 0.85, 0.86, 0.86, 0.86, 0.86, 0.86, 0.86, 0.86, 0.86] min_pt_prof 0.85 procent_items [12.0, 5.0, 7.0, 1.0, 2.0, 2.0, 2.0, 2.0, 1.0, 1.0, 1.0, 3.0, 4.0, 3.0, 4.0, 6.0, 3.0, 9.0, 6.0, 5.0, 4.0, 8.0, 9.0] max_item 12.0 time_buy 2024-04-05 21:40:02.166575 link https://steamcommunity.com/market/listings/570/Acolyte%20of%20Vengeance%20Mask  
order 11.46 sell_wik [11.99, 12.0, 12.0, 12.1, 12.06, 12.06, 12.06, 12.06, 12.06, 12.01] profit [0.53, 0.54, 0.54, 0.64, 0.6, 0.6, 0.6, 0.6, 0.6, 0.55] procent_prof [0.53, 0.54, 0.54, 0.64, 0.6, 0.6, 0.6, 0.6, 0.6, 0.55] min_pt_prof 0.53 procent_items [7.53, 4.3, 5.38, 2.15, 1.08, 3.23, 2.15, 1.08, 2.15, 3.23, 4.3, 1.08, 6.45, 8.6, 4.3, 9.68, 10.75, 4.3, 9.68, 8.6] max_item 10.75 time_buy 2024-04-05 21:42:57.654635 link https://steamcommunity.com/market/listings/570/Blackshield%20Protodrone%20Helm  
order 11.13 sell_wik [11.53, 11.53, 11.53, 11.53, 11.53, 11.54, 11.53, 11.55, 11.55, 11.55] profit [0.4, 0.4, 0.4, 0.4, 0.4, 0.41, 0.4, 0.42, 0.42, 0.42] procent_prof [0.4, 0.4, 0.4, 0.4, 0.4, 0.41, 0.4, 0.42, 0.42, 0.42] min_pt_prof 0.4 procent_items [3.51, 7.02, 5.26, 3.51, 3.51, 1.75, 5.26, 5.26, 1.75, 3.51, 3.51, 1.75, 3.51, 7.02, 7.02, 7.02, 5.26, 10.53, 14.04] max_item 14.04 time_buy 2024-04-05 21:43:08.628064 link https://steamcommunity.com/market/listings/570/Arcane%20Infestation%20Head  
order 21.23 sell_wik [22.31, 22.31, 22.31, 22.31, 22.31, 24.17, 24.17, 24.17, 24.12, 24.12] profit [1.08, 1.08, 1.08, 1.08, 1.08, 2.94, 2.94, 2.94, 2.89, 2.89] procent_prof [1.08, 1.08, 1.08, 1.08, 1.08, 2.94, 2.94, 2.94, 2.89, 2.89] min_pt_prof 1.08 procent_items [7.69, 7.69, 3.85, 3.85, 1.28, 1.28, 1.28, 1.28, 2.56, 2.56, 3.85, 3.85, 3.85, 1.28, 5.13, 1.28, 5.13, 5.13, 6.41, 5.13, 11.54, 5.13, 8.97] max_item 11.54 time_buy 2024-04-05 21:44:56.814519 link https://steamcommunity.com/market/listings/570/Blackshield%20Protodrone%20Stinger  
order 13.25 sell_wik [13.85, 13.86, 13.86, 13.86, 13.86, 14.11, 14.12, 13.89, 14.26, 14.26] profit [0.6, 0.61, 0.61, 0.61, 0.61, 0.86, 0.87, 0.64, 1.01, 1.01] procent_prof [0.6, 0.61, 0.61, 0.61, 0.61, 0.86, 0.87, 0.64, 1.01, 1.01] min_pt_prof 0.6 procent_items [9.26, 3.7, 3.7, 1.85, 1.85, 1.85, 1.85, 5.56, 1.85, 1.85, 5.56, 5.56, 3.7, 3.7, 7.41, 3.7, 1.85, 9.26, 3.7, 5.56, 9.26, 7.41] max_item 9.26 time_buy 2024-04-05 21:45:49.155389 link https://steamcommunity.com/market/listings/570/Mask%20of%20the%20Dragon's%20Disciple  
order 8.79 sell_wik [9.22, 9.22, 9.22, 9.28, 9.28, 9.28, 9.28, 9.42, 9.42, 9.42] profit [0.43, 0.43, 0.43, 0.49, 0.49, 0.49, 0.49, 0.63, 0.63, 0.63] procent_prof [0.43, 0.43, 0.43, 0.49, 0.49, 0.49, 0.49, 0.63, 0.63, 0.63] min_pt_prof 0.43 procent_items [6.93, 3.96, 5.94, 3.96, 1.98, 1.98, 1.98, 2.97, 1.98, 3.96, 6.93, 1.98, 4.95, 1.98, 3.96, 3.96, 2.97, 1.98, 9.9, 5.94, 4.95, 4.95, 9.9] max_item 9.9 time_buy 2024-04-05 21:49:01.968691 link https://steamcommunity.com/market/listings/570/Shell%20of%20the%20Umizar%20Crawler  
order 15.15 sell_wik [15.69, 15.69, 15.66, 15.66, 15.66, 15.66, 15.66, 15.66, 15.66, 15.66] profit [0.54, 0.54, 0.51, 0.51, 0.51, 0.51, 0.51, 0.51, 0.51, 0.51] procent_prof [0.54, 0.54, 0.51, 0.51, 0.51, 0.51, 0.51, 0.51, 0.51, 0.51] min_pt_prof 0.51 procent_items [2.38, 2.38, 2.38, 4.76, 4.76, 7.14, 2.38, 2.38, 2.38, 2.38, 4.76, 4.76, 7.14, 7.14, 2.38, 2.38, 7.14, 4.76, 11.9, 14.29] max_item 14.29 time_buy 2024-04-05 21:52:41.661633 link https://steamcommunity.com/market/listings/570/Dressings%20of%20the%20Spirethorn  
order 20.29 sell_wik [23.73, 24.02, 24.2, 24.2, 24.36, 29.24, 29.85, 29.92, 29.97, 30.19] profit [3.44, 3.73, 3.91, 3.91, 4.07, 8.95, 9.56, 9.63, 9.68, 9.9] procent_prof [3.44, 3.73, 3.91, 3.91, 4.07, 8.95, 9.56, 9.63, 9.68, 9.9] min_pt_prof 3.44 procent_items [6.96, 3.48, 1.74, 2.61, 2.61, 0.87, 10.43, 0.87, 1.74, 8.7, 6.09, 0.87, 1.74, 0.87, 1.74, 7.83, 13.04, 0.87, 4.35, 13.91, 6.09, 2.61] max_item 13.91 time_buy 2024-04-05 22:00:26.387568 link https://steamcommunity.com/market/listings/730/Tec-9%20%7C%20Cracked%20Opal%20(Minimal%20Wear)  
order 17.43 sell_wik [18.15, 18.12, 18.13, 18.14, 18.14, 18.15, 18.21, 18.37, 18.37, 18.55] profit [0.72, 0.69, 0.7, 0.71, 0.71, 0.72, 0.78, 0.94, 0.94, 1.12] procent_prof [0.72, 0.69, 0.7, 0.71, 0.71, 0.72, 0.78, 0.94, 0.94, 1.12] min_pt_prof 0.69 procent_items [8.7, 6.52, 10.87, 2.17, 4.35, 2.17, 4.35, 8.7, 2.17, 4.35, 4.35, 13.04, 2.17, 13.04, 6.52, 6.52] max_item 13.04 time_buy 2024-04-05 22:01:35.711892 link https://steamcommunity.com/market/listings/730/StatTrak%E2%84%A2%20Dual%20Berettas%20%7C%20Ventilators%20(Field-Tested)  
order 19.41 sell_wik [20.2, 20.22, 20.22, 20.22, 20.24, 20.41, 20.41, 20.41, 20.41, 20.41] profit [0.79, 0.81, 0.81, 0.81, 0.83, 1.0, 1.0, 1.0, 1.0, 1.0] procent_prof [0.79, 0.81, 0.81, 0.81, 0.83, 1.0, 1.0, 1.0, 1.0, 1.0] min_pt_prof 0.79 procent_items [2.0, 6.0, 6.0, 10.0, 2.0, 4.0, 20.0, 6.0, 2.0, 2.0, 20.0, 20.0] max_item 20.0 time_buy 2024-04-05 22:02:38.094643 link https://steamcommunity.com/market/listings/730/Nova%20%7C%20Ranger%20(Field-Tested)  
order 16.26 sell_wik [17.05, 17.05, 17.14, 17.19, 17.19, 17.21, 17.21, 17.21, 17.21, 17.21] profit [0.79, 0.79, 0.88, 0.93, 0.93, 0.95, 0.95, 0.95, 0.95, 0.95] procent_prof [0.79, 0.79, 0.88, 0.93, 0.93, 0.95, 0.95, 0.95, 0.95, 0.95] min_pt_prof 0.79 procent_items [1.84, 3.07, 3.07, 2.45, 7.36, 6.13, 2.45, 6.13, 2.45, 2.45, 1.23, 3.68, 7.98, 3.07, 5.52, 3.68, 3.68, 1.84, 7.98, 6.13, 4.91, 1.84, 11.04] max_item 11.04 time_buy 2024-04-05 22:03:41.746694 link https://steamcommunity.com/market/listings/730/AUG%20%7C%20Triqua%20(Minimal%20Wear)  
order 5.52 sell_wik [7.26, 7.22, 7.22, 7.22, 7.22, 7.23, 7.23, 7.23, 7.23, 7.23] profit [1.74, 1.7, 1.7, 1.7, 1.7, 1.71, 1.71, 1.71, 1.71, 1.71] procent_prof [1.74, 1.7, 1.7, 1.7, 1.7, 1.71, 1.71, 1.71, 1.71, 1.71] min_pt_prof 1.7 procent_items [7.89, 10.53, 18.42, 7.89, 5.26, 2.63, 2.63, 15.79, 7.89, 2.63, 2.63, 5.26, 2.63, 7.89] max_item 18.42 time_buy 2024-04-05 22:14:36.752449 link https://steamcommunity.com/market/listings/570/Collar%20of%20the%20Frost%20Lord  
order 5.06 sell_wik [5.56, 5.57, 5.72, 5.73, 5.73, 5.73, 5.73, 5.75, 5.73, 5.73] profit [0.5, 0.51, 0.66, 0.67, 0.67, 0.67, 0.67, 0.69, 0.67, 0.67] procent_prof [0.5, 0.51, 0.66, 0.67, 0.67, 0.67, 0.67, 0.69, 0.67, 0.67] min_pt_prof 0.5 procent_items [7.46, 1.49, 7.46, 1.49, 1.49, 2.99, 4.48, 2.99, 2.99, 2.99, 2.99, 1.49, 1.49, 2.99, 7.46, 4.48, 5.97, 7.46, 5.97, 1.49, 10.45, 11.94] max_item 11.94 time_buy 2024-04-05 22:31:46.599096 link https://steamcommunity.com/market/listings/570/Doll%20of%20the%20Dead's%20Head  
order 9.1 sell_wik [9.52, 9.5, 9.5, 9.5, 9.5, 9.5, 9.5, 9.5, 9.5, 9.5] profit [0.42, 0.4, 0.4, 0.4, 0.4, 0.4, 0.4, 0.4, 0.4, 0.4] procent_prof [0.42, 0.4, 0.4, 0.4, 0.4, 0.4, 0.4, 0.4, 0.4, 0.4] min_pt_prof 0.4 procent_items [5.88, 2.52, 2.52, 0.84, 1.68, 0.84, 5.04, 2.52, 4.2, 4.2, 1.68, 0.84, 4.2, 4.2, 1.68, 4.2, 5.04, 2.52, 8.4, 6.72, 4.2, 6.72, 9.24, 10.08] max_item 10.08 time_buy 2024-04-05 22:33:02.196659 link https://steamcommunity.com/market/listings/570/Claw%20of%20the%20Umizar%20Crawler  
order 9.36 sell_wik [9.84, 9.84, 9.87, 10.0, 9.98, 9.99, 9.99, 9.99, 9.99, 9.99] profit [0.48, 0.48, 0.51, 0.64, 0.62, 0.63, 0.63, 0.63, 0.63, 0.63] procent_prof [0.48, 0.48, 0.51, 0.64, 0.62, 0.63, 0.63, 0.63, 0.63, 0.63] min_pt_prof 0.48 procent_items [4.26, 12.77, 4.26, 6.38, 8.51, 2.13, 2.13, 8.51, 6.38, 2.13, 2.13, 4.26, 6.38, 10.64, 6.38, 4.26, 4.26, 4.26] max_item 12.77 time_buy 2024-04-05 22:33:34.953927 link https://steamcommunity.com/market/listings/570/Servant%20of%20the%20Sightless%20Shamans%20Shoulder  
order 61.0 sell_wik [64.04, 64.04, 64.93, 64.84, 65.0, 66.79, 65.86, 68.05, 65.33, 66.24] profit [3.04, 3.04, 3.93, 3.84, 4.0, 5.79, 4.86, 7.05, 4.33, 5.24] procent_prof [4.98, 4.98, 6.44, 6.3, 6.56, 9.49, 7.97, 11.56, 7.1, 8.59] min_pt_prof 4.98 procent_items [5.68, 6.82, 4.55, 2.27, 3.41, 3.41, 1.14, 2.27, 1.14, 1.14, 2.27, 4.55, 3.41, 2.27, 1.14, 3.41, 2.27, 3.41, 4.55, 7.95, 3.41, 12.5, 9.09, 7.95] max_item 12.5 time_buy 2024-04-05 22:40:29.637042 link https://steamcommunity.com/market/listings/570/Taunt%3A%20Fight%20Me!  
order 218.0 sell_wik [226.09, 227.21, 227.21, 227.21, 227.21, 227.21, 227.21, 227.21, 227.21, 227.21] profit [8.09, 9.21, 9.21, 9.21, 9.21, 9.21, 9.21, 9.21, 9.21, 9.21] procent_prof [3.71, 4.22, 4.22, 4.22, 4.22, 4.22, 4.22, 4.22, 4.22, 4.22] min_pt_prof 3.71 procent_items [7.69, 5.38, 6.15, 0.77, 1.54, 0.77, 3.08, 1.54, 2.31, 3.08, 2.31, 1.54, 7.69, 3.08, 4.62, 3.85, 7.69, 6.15, 4.62, 5.38, 7.69, 6.15, 6.92] max_item 7.69 time_buy 2024-04-05 22:41:13.935419 link https://steamcommunity.com/market/listings/570/Auspice%20of%20the%20Whyrlegyge  
order 146.11 sell_wik [150.42, 150.42, 150.42, 150.42, 150.0, 151.14, 150.0, 153.99, 153.7, 153.7] profit [4.31, 4.31, 4.31, 4.31, 3.89, 5.03, 3.89, 7.88, 7.59, 7.59] procent_prof [2.95, 2.95, 2.95, 2.95, 2.66, 3.44, 2.66, 5.39, 5.19, 5.19] min_pt_prof 2.66 procent_items [1.2, 2.41, 4.82, 2.41, 3.61, 2.41, 1.2, 2.41, 1.2, 2.41, 1.2, 2.41, 4.82, 4.82, 2.41, 6.02, 3.61, 3.61, 13.25, 8.43, 6.02, 6.02, 13.25] max_item 13.25 time_buy 2024-04-05 22:41:31.273992 link https://steamcommunity.com/market/listings/570/Mane%20of%20the%20Sunwarrior  
order 174.19 sell_wik [179.46, 179.69, 179.69, 179.69, 179.69, 179.69, 179.69, 179.69, 179.69, 179.69] profit [5.27, 5.5, 5.5, 5.5, 5.5, 5.5, 5.5, 5.5, 5.5, 5.5] procent_prof [3.03, 3.16, 3.16, 3.16, 3.16, 3.16, 3.16, 3.16, 3.16, 3.16] min_pt_prof 3.03 procent_items [6.4, 1.6, 3.2, 6.4, 4.0, 0.8, 2.4, 4.0, 1.6, 4.0, 2.4, 4.8, 3.2, 4.8, 2.4, 5.6, 4.8, 4.8, 3.2, 10.4, 10.4, 3.2, 5.6] max_item 10.4 time_buy 2024-04-05 22:41:48.981660 link https://steamcommunity.com/market/listings/570/The%20Spoils%20of%20Dezun  
order 166.09 sell_wik [169.32, 169.58, 169.58, 169.58, 169.58, 169.58, 169.58, 169.58, 169.58, 169.58] profit [3.23, 3.49, 3.49, 3.49, 3.49, 3.49, 3.49, 3.49, 3.49, 3.49] procent_prof [1.94, 2.1, 2.1, 2.1, 2.1, 2.1, 2.1, 2.1, 2.1, 2.1] min_pt_prof 1.94 procent_items [4.69, 6.25, 10.94, 1.56, 1.56, 3.12, 1.56, 3.12, 6.25, 1.56, 3.12, 1.56, 6.25, 6.25, 4.69, 3.12, 3.12, 3.12, 9.38, 3.12, 6.25, 9.38] max_item 10.94 time_buy 2024-04-05 22:41:56.503922 link https://steamcommunity.com/market/listings/570/Taunt%3A%20Bathed%20in%20the%20Glow  
order 51.18 sell_wik [52.42, 52.42, 52.42, 52.42, 52.42, 52.42, 52.42, 52.25, 52.25, 52.23] profit [1.24, 1.24, 1.24, 1.24, 1.24, 1.24, 1.24, 1.07, 1.07, 1.05] procent_prof [2.42, 2.42, 2.42, 2.42, 2.42, 2.42, 2.42, 2.09, 2.09, 2.05] min_pt_prof 2.05 procent_items [12.84, 1.83, 0.92, 9.17, 7.34, 0.92, 2.75, 0.92, 0.92, 11.01, 3.67, 0.92, 5.5, 11.01, 2.75, 8.26, 6.42, 6.42, 3.67, 0.92, 1.83] max_item 12.84 time_buy 2024-04-05 22:42:02.844593 link https://steamcommunity.com/market/listings/570/Immortal%20Treasure%20I%202019  
order 62.12 sell_wik [63.65, 64.0, 64.0, 64.0, 64.0, 64.0, 64.0, 64.0, 64.0, 64.0] profit [1.53, 1.88, 1.88, 1.88, 1.88, 1.88, 1.88, 1.88, 1.88, 1.88] procent_prof [2.46, 3.03, 3.03, 3.03, 3.03, 3.03, 3.03, 3.03, 3.03, 3.03] min_pt_prof 2.46 procent_items [6.25, 3.12, 7.81, 4.69, 1.56, 3.12, 4.69, 3.12, 4.69, 1.56, 4.69, 7.81, 3.12, 3.12, 9.38, 4.69, 6.25, 4.69, 1.56, 4.69, 9.38] max_item 9.38 time_buy 2024-04-05 22:42:09.714588 link https://steamcommunity.com/market/listings/570/Tiny%20Frostmoot  
order 131.26 sell_wik [134.11, 134.11, 134.11, 134.11, 134.11, 134.11, 134.11, 134.11, 134.14, 135.42] profit [2.85, 2.85, 2.85, 2.85, 2.85, 2.85, 2.85, 2.85, 2.88, 4.16] procent_prof [2.17, 2.17, 2.17, 2.17, 2.17, 2.17, 2.17, 2.17, 2.19, 3.17] min_pt_prof 2.17 procent_items [4.93, 5.63, 3.52, 1.41, 1.41, 2.11, 3.52, 2.11, 2.11, 4.93, 0.7, 3.52, 6.34, 4.93, 4.23, 3.52, 8.45, 3.52, 3.52, 5.63, 4.93, 4.23, 8.45, 6.34] max_item 8.45 time_buy 2024-04-05 22:43:45.604041 link https://steamcommunity.com/market/listings/570/The%20Lightning%20Orchid  
order 85.13 sell_wik [87.92, 87.92, 87.96, 88.04, 88.04, 88.04, 88.12, 88.72, 87.93, 87.99] profit [2.79, 2.79, 2.83, 2.91, 2.91, 2.91, 2.99, 3.59, 2.8, 2.86] procent_prof [3.28, 3.28, 3.32, 3.42, 3.42, 3.42, 3.51, 4.22, 3.29, 3.36] min_pt_prof 3.28 procent_items [5.77, 1.92, 5.77, 1.92, 5.77, 0.96, 2.88, 1.92, 2.88, 1.92, 2.88, 4.81, 3.85, 2.88, 5.77, 3.85, 4.81, 8.65, 6.73, 1.92, 7.69, 6.73, 7.69] max_item 8.65 time_buy 2024-04-05 22:46:05.732476 link https://steamcommunity.com/market/listings/570/Mask%20of%20the%20Confidant  
order 84.27 sell_wik [87.83, 89.04, 89.66, 89.59, 89.59, 89.59, 89.59, 89.59, 89.59, 89.59] profit [3.56, 4.77, 5.39, 5.32, 5.32, 5.32, 5.32, 5.32, 5.32, 5.32] procent_prof [4.22, 5.66, 6.4, 6.31, 6.31, 6.31, 6.31, 6.31, 6.31, 6.31] min_pt_prof 4.22 procent_items [5.77, 5.77, 5.77, 7.69, 3.85, 3.85, 3.85, 9.62, 3.85, 1.92, 1.92, 5.77, 1.92, 7.69, 1.92, 1.92, 1.92, 5.77, 5.77, 5.77, 5.77, 1.92] max_item 9.62 time_buy 2024-04-05 22:55:48.970890 link https://steamcommunity.com/market/listings/730/StatTrak%E2%84%A2%20SG%20553%20%7C%20Darkwing%20(Field-Tested)  
order 223.38 sell_wik [230.95, 230.95, 231.76, 231.76, 231.88, 231.88, 231.88, 233.73, 234.91, 234.89] profit [7.57, 7.57, 8.38, 8.38, 8.5, 8.5, 8.5, 10.35, 11.53, 11.51] procent_prof [3.39, 3.39, 3.75, 3.75, 3.81, 3.81, 3.81, 4.63, 5.16, 5.15] min_pt_prof 3.39 procent_items [6.9, 5.75, 3.45, 10.34, 6.9, 2.3, 1.15, 5.75, 3.45, 1.15, 1.15, 1.15, 4.6, 1.15, 3.45, 3.45, 2.3, 4.6, 8.05, 3.45, 10.34, 9.2] max_item 10.34 time_buy 2024-04-05 22:56:02.560684 link https://steamcommunity.com/market/listings/730/StatTrak%E2%84%A2%20Glock-18%20%7C%20Moonrise%20(Minimal%20Wear)  
order 118.65 sell_wik [127.07, 124.49, 125.1, 124.49, 127.95, 125.59, 124.92, 124.93, 124.93, 124.93] profit [8.42, 5.84, 6.45, 5.84, 9.3, 6.94, 6.27, 6.28, 6.28, 6.28] procent_prof [7.1, 4.92, 5.44, 4.92, 7.84, 5.85, 5.28, 5.29, 5.29, 5.29] min_pt_prof 4.92 procent_items [6.25, 5.62, 5.0, 4.38, 3.75, 2.5, 1.88, 1.88, 0.62, 0.62, 1.25, 4.38, 3.12, 3.12, 1.88, 3.75, 6.25, 5.0, 5.0, 5.0, 5.62, 8.75, 4.38, 10.0] max_item 10.0 time_buy 2024-04-05 22:56:19.801149 link https://steamcommunity.com/market/listings/730/StatTrak%E2%84%A2%20Desert%20Eagle%20%7C%20Trigger%20Discipline%20(Well-Worn)  
order 49.05 sell_wik 50.46 profit 1.41 procent_prof 2.87 procent_items [12.66, 5.06, 6.33, 1.27, 2.53, 6.33, 3.8, 2.53, 1.27, 2.53, 1.27, 2.53, 1.27, 3.8, 1.27, 2.53, 5.06, 5.06, 7.59, 7.59, 7.59, 3.8, 6.33] max_item 12.66 time_buy 2024-04-05 22:56:52.576281 link https://steamcommunity.com/market/listings/730/StatTrak%E2%84%A2%20Music%20Kit%20%7C%20Skog%2C%20III-Arena  
order 37.35 sell_wik [37.85, 38.0, 38.1, 38.1, 38.26, 37.96, 37.96, 37.97, 38.03, 38.03] profit [0.5, 0.65, 0.75, 0.75, 0.91, 0.61, 0.61, 0.62, 0.68, 0.68] procent_prof [0.5, 0.65, 0.75, 0.75, 0.91, 0.61, 0.61, 0.62, 0.68, 0.68] min_pt_prof 0.5 procent_items [3.26, 4.35, 4.35, 1.09, 1.09, 1.09, 1.09, 1.09, 1.09, 5.43, 5.43, 3.26, 6.52, 5.43, 6.52, 5.43, 6.52, 6.52, 9.78, 6.52, 8.7, 5.43] max_item 9.78 time_buy 2024-04-05 23:06:22.716067 link https://steamcommunity.com/market/listings/570/Bracer%20of%20the%20Forgotten%20Plane  
order 37.42 sell_wik [41.73, 41.73, 41.73, 41.74, 42.4, 42.4, 42.78, 42.78, 42.78, 42.78] profit [4.31, 4.31, 4.31, 4.32, 4.98, 4.98, 5.36, 5.36, 5.36, 5.36] procent_prof [4.31, 4.31, 4.31, 4.32, 4.98, 4.98, 5.36, 5.36, 5.36, 5.36] min_pt_prof 4.31 procent_items [5.59, 5.59, 2.8, 5.59, 4.2, 0.7, 1.4, 4.9, 3.5, 0.7, 0.7, 2.8, 2.1, 5.59, 0.7, 13.29, 5.59, 2.1, 9.09, 9.09, 4.9, 9.09] max_item 13.29 time_buy 2024-04-05 23:09:18.630926 link https://steamcommunity.com/market/listings/730/MAG-7%20%7C%20Sonar%20(Factory%20New)  
order 31.29 sell_wik [32.47, 33.44, 32.33, 33.0, 33.0, 34.28, 33.39, 33.39, 33.39, 33.39] profit [1.18, 2.15, 1.04, 1.71, 1.71, 2.99, 2.1, 2.1, 2.1, 2.1] procent_prof [1.18, 2.15, 1.04, 1.71, 1.71, 2.99, 2.1, 2.1, 2.1, 2.1] min_pt_prof 1.04 procent_items [6.32, 5.26, 3.16, 3.16, 1.05, 5.26, 2.11, 3.16, 3.16, 2.11, 1.05, 3.16, 2.11, 5.26, 5.26, 7.37, 4.21, 4.21, 4.21, 4.21, 3.16, 13.68, 7.37] max_item 13.68 time_buy 2024-04-05 23:09:37.717883 link https://steamcommunity.com/market/listings/730/StatTrak%E2%84%A2%20Glock-18%20%7C%20Off%20World%20(Field-Tested)  
order 32.45 sell_wik 33.26 profit 0.81 procent_prof 0.81 procent_items [8.82, 8.82, 2.94, 1.47, 4.41, 1.47, 8.82, 1.47, 2.94, 1.47, 4.41, 2.94, 7.35, 7.35, 1.47, 5.88, 4.41, 2.94, 10.29, 8.82, 1.47] max_item 10.29 time_buy 2024-04-05 23:11:14.282351 link https://steamcommunity.com/market/listings/730/Patch%20%7C%20Bloodhound  
order 10.55 sell_wik [11.29, 11.29, 11.29, 11.29, 11.29, 11.29, 11.3, 11.31, 11.31, 11.31] profit [0.74, 0.74, 0.74, 0.74, 0.74, 0.74, 0.75, 0.76, 0.76, 0.76] procent_prof [0.74, 0.74, 0.74, 0.74, 0.74, 0.74, 0.75, 0.76, 0.76, 0.76] min_pt_prof 0.74 procent_items [2.53, 5.06, 2.53, 1.27, 2.53, 3.8, 1.27, 3.8, 3.8, 3.8, 2.53, 3.8, 2.53, 7.59, 1.27, 13.92, 3.8, 5.06, 5.06, 5.06, 11.39, 7.59] max_item 13.92 time_buy 2024-04-05 23:11:53.966317 link https://steamcommunity.com/market/listings/570/Doll%20of%20the%20Dead's%20Hook  
order 10.36 sell_wik [10.9, 10.9, 10.9, 10.9, 10.9, 10.9, 10.9, 10.9, 10.9, 10.95] profit [0.54, 0.54, 0.54, 0.54, 0.54, 0.54, 0.54, 0.54, 0.54, 0.59] procent_prof [0.54, 0.54, 0.54, 0.54, 0.54, 0.54, 0.54, 0.54, 0.54, 0.59] min_pt_prof 0.54 procent_items [8.0, 2.0, 2.0, 2.0, 2.0, 4.0, 2.0, 2.0, 6.0, 2.0, 2.0, 4.0, 2.0, 2.0, 4.0, 4.0, 10.0, 4.0, 6.0, 12.0, 10.0, 8.0] max_item 12.0 time_buy 2024-04-05 23:13:31.786265 link https://steamcommunity.com/market/listings/570/Stonehall%20Royal%20Guard%20Helmet  
order 10.64 sell_wik [11.05, 11.07, 11.07, 11.07, 11.07, 11.07, 11.13, 11.13, 11.1, 11.1] profit [0.41, 0.43, 0.43, 0.43, 0.43, 0.43, 0.49, 0.49, 0.46, 0.46] procent_prof [0.41, 0.43, 0.43, 0.43, 0.43, 0.43, 0.49, 0.49, 0.46, 0.46] min_pt_prof 0.41 procent_items [5.45, 1.82, 1.82, 5.45, 5.45, 3.64, 1.82, 5.45, 1.82, 1.82, 5.45, 5.45, 9.09, 5.45, 1.82, 7.27, 9.09, 10.91, 10.91] max_item 10.91 time_buy 2024-04-05 23:13:51.260376 link https://steamcommunity.com/market/listings/570/Seismic%20Berserker%20Bracers  
order 39.01 sell_wik [40.94, 40.94, 41.75, 41.91, 42.52, 42.52, 42.52, 42.52, 42.52, 42.52] profit [1.93, 1.93, 2.74, 2.9, 3.51, 3.51, 3.51, 3.51, 3.51, 3.51] procent_prof [1.93, 1.93, 2.74, 2.9, 3.51, 3.51, 3.51, 3.51, 3.51, 3.51] min_pt_prof 1.93 procent_items [3.08, 1.54, 3.08, 1.54, 4.62, 6.15, 10.77, 4.62, 3.08, 9.23, 4.62, 9.23, 13.85, 3.08, 7.69, 3.08, 4.62, 4.62, 1.54] max_item 13.85 time_buy 2024-07-17 03:01:08.654634 link https://steamcommunity.com/market/listings/570/Kinetic%3A%20Serene%20Honor  
order 44.87 sell_wik [46.22, 46.22, 46.22, 46.98, 47.1, 47.41, 47.17, 47.17, 47.17, 47.17] profit [1.35, 1.35, 1.35, 2.11, 2.23, 2.54, 2.3, 2.3, 2.3, 2.3] procent_prof [1.35, 1.35, 1.35, 2.11, 2.23, 2.54, 2.3, 2.3, 2.3, 2.3] min_pt_prof 1.35 procent_items [4.55, 2.27, 6.82, 2.27, 2.27, 6.82, 15.91, 9.09, 9.09, 2.27, 6.82, 6.82, 6.82, 2.27, 2.27, 13.64] max_item 15.91 time_buy 2024-07-17 03:01:27.063230 link https://steamcommunity.com/market/listings/570/Form%20of%20Eternal%20Purgatory  
order 40.66 sell_wik 42.57 profit 1.91 procent_prof 1.91 procent_items [12.9, 3.23, 6.45, 3.23, 6.45, 3.23, 9.68, 3.23, 6.45, 6.45, 3.23, 3.23, 9.68, 6.45, 9.68, 3.23, 3.23] max_item 12.9 time_buy 2024-07-17 03:02:39.388494 link https://steamcommunity.com/market/listings/730/Music%20Kit%20%7C%20Tim%20Huling%2C%20Neo%20Noir  
